LocalTimestamp,EmotiBitTimestamp,PacketNumber,DataLength,TypeTag,ProtocolVersion,DataReliability,BI
1706146403.424191,1518033,54301,1,BI,1,100,1400
1706146404.264191,1518873,54435,1,BI,1,100,840
1706146405.157191,1519766,54591,1,BI,1,100,880
1706146405.917191,1520526,54708,1,BI,1,100,760
1706146406.837191,1521446,54862,1,BI,1,100,920
1706146407.437191,1522046,54954,1,BI,1,100,600
1706146407.997191,1522606,55052,1,BI,1,100,560
1706146408.810191,1523419,55185,1,BI,1,100,800
1706146409.490191,1524099,55304,1,BI,1,100,680
1706146410.170191,1524779,55407,1,BI,1,100,680
1706146411.010191,1525619,55559,1,BI,1,100,840
1706146411.730191,1526339,55679,1,BI,1,100,720
1706146412.530191,1527139,55805,1,BI,1,100,800
1706146413.343191,1527952,55927,1,BI,1,100,800
1706146414.223191,1528832,56078,1,BI,1,100,880
1706146415.023190,1529632,56214,1,BI,1,100,800
1706146415.863191,1530472,56349,1,BI,1,100,840
1706146416.703191,1531312,56483,1,BI,1,100,840
1706146417.716190,1532325,56660,1,BI,1,100,1000
1706146418.316190,1532925,56764,1,BI,1,100,600
1706146419.236190,1533845,56917,1,BI,1,100,920
1706146420.076190,1534685,57054,1,BI,1,100,840
1706146420.929190,1535538,57188,1,BI,1,100,840
1706146421.769190,1536378,57346,1,BI,1,100,840
1706146422.649190,1537258,57485,1,BI,1,100,880
1706146423.449190,1538058,57622,1,BI,1,100,800
1706146424.169190,1538778,57745,1,BI,1,100,720
1706146425.062190,1539671,57899,1,BI,1,100,880
1706146425.942190,1540551,58035,1,BI,1,100,880
1706146426.742190,1541351,58174,1,BI,1,100,800
1706146427.662190,1542271,58333,1,BI,1,100,920
1706146428.502190,1543111,58468,1,BI,1,100,840
1706146429.275190,1543884,58606,1,BI,1,100,760
1706146429.995190,1544604,58724,1,BI,1,100,720
1706146430.835190,1545444,58865,1,BI,1,100,840
1706146431.555190,1546164,58986,1,BI,1,100,720
1706146432.275190,1546884,59106,1,BI,1,100,720
1706146433.008189,1547617,59230,1,BI,1,100,720
1706146433.848189,1548457,59369,1,BI,1,100,840
1706146434.608189,1549217,59505,1,BI,1,100,760
1706146435.447189,1550056,59642,1,BI,1,100,840
1706146436.247189,1550856,59776,1,BI,1,100,800
1706146437.021189,1551630,59900,1,BI,1,100,760
1706146437.941189,1552550,60056,1,BI,1,100,920
1706146438.701189,1553310,60176,1,BI,1,100,760
1706146439.581189,1554190,60327,1,BI,1,100,880
1706146440.380189,1554989,60462,1,BI,1,100,800
1706146441.234189,1555843,60598,1,BI,1,100,840
1706146442.033189,1556642,60738,1,BI,1,100,800
1706146442.913189,1557522,60899,1,BI,1,100,880
1706146443.713189,1558322,61018,1,BI,1,100,800
1706146444.513189,1559122,61155,1,BI,1,100,800
1706146445.207189,1559816,61273,1,BI,1,100,680
1706146446.046189,1560655,61408,1,BI,1,100,840
1706146446.846189,1561455,61550,1,BI,1,100,800
1706146447.646188,1562255,61684,1,BI,1,100,800
1706146448.566189,1563175,61824,1,BI,1,100,920
1706146449.380188,1563989,61959,1,BI,1,100,800
1706146450.179188,1564788,62097,1,BI,1,100,800
1706146451.059188,1565668,62237,1,BI,1,100,880
1706146451.899188,1566508,62395,1,BI,1,100,840
1706146452.619188,1567228,62512,1,BI,1,100,720
1706146453.312188,1567921,62622,1,BI,1,100,680
1706146454.152188,1568761,62759,1,BI,1,100,840
1706146454.912188,1569521,62895,1,BI,1,100,760
1706146455.632188,1570241,63017,1,BI,1,100,720
1706146457.045188,1571654,63251,1,BI,1,100,1400
1706146457.885188,1572494,63385,1,BI,1,100,840
1706146458.805188,1573414,63541,1,BI,1,100,920
1706146459.685188,1574294,63675,1,BI,1,100,880
1706146460.365188,1574974,63794,1,BI,1,100,680
1706146461.298188,1575907,63944,1,BI,1,100,920
1706146462.138188,1576747,64081,1,BI,1,100,840
1706146462.978188,1577587,64232,1,BI,1,100,840
1706146463.898188,1578507,64374,1,BI,1,100,920
1706146464.671188,1579280,64513,1,BI,1,100,760
1706146465.471188,1580080,64647,1,BI,1,100,800
1706146466.191187,1580800,64764,1,BI,1,100,720
1706146467.071187,1581680,64903,1,BI,1,100,880
1706146467.951187,1582560,65052,1,BI,1,100,880
1706146468.724187,1583333,65180,1,BI,1,100,760
1706146469.484187,1584093,65316,1,BI,1,100,760
1706146470.244187,1584853,65436,1,BI,1,100,760
1706146471.084187,1585693,39,1,BI,1,100,840
1706146471.764187,1586373,158,1,BI,1,100,680
1706146472.577187,1587186,295,1,BI,1,100,800
1706146473.217187,1587826,414,1,BI,1,100,640
1706146474.297187,1588906,589,1,BI,1,100,1080
1706146475.017187,1589626,710,1,BI,1,100,720
1706146475.937187,1590546,864,1,BI,1,100,920
1706146476.750187,1591359,999,1,BI,1,100,800
1706146477.590187,1592199,1149,1,BI,1,100,840
1706146478.310187,1592919,1269,1,BI,1,100,720
1706146479.150187,1593759,1411,1,BI,1,100,840
1706146479.910187,1594519,1528,1,BI,1,100,760
1706146480.483187,1595092,1633,1,BI,1,100,560
1706146481.443187,1596052,1802,1,BI,1,100,960
1706146482.283186,1596892,1923,1,BI,1,100,840
1706146483.043186,1597652,2060,1,BI,1,100,760
1706146483.723186,1598332,2181,1,BI,1,100,680
1706146484.536186,1599145,2322,1,BI,1,100,800
1706146485.296186,1599905,2440,1,BI,1,100,760
1706146486.056186,1600665,2559,1,BI,1,100,760
1706146486.896186,1601505,2717,1,BI,1,100,840
1706146487.736186,1602345,2852,1,BI,1,100,840
1706146488.429186,1603038,2971,1,BI,1,100,680
1706146489.389186,1603998,3127,1,BI,1,100,960
1706146490.269186,1604878,3265,1,BI,1,100,880
1706146491.029186,1605638,3402,1,BI,1,100,760
1706146491.749186,1606358,3526,1,BI,1,100,720
1706146492.682186,1607291,3679,1,BI,1,100,920
1706146493.482186,1608091,3817,1,BI,1,100,800
1706146494.202186,1608811,3944,1,BI,1,100,720
1706146495.002186,1609611,4060,1,BI,1,100,800
1706146495.761186,1610370,4198,1,BI,1,100,760
1706146496.535186,1611144,4332,1,BI,1,100,760
1706146497.255186,1611864,4452,1,BI,1,100,720
1706146498.095186,1612704,4589,1,BI,1,100,840
1706146498.895185,1613504,4727,1,BI,1,100,800
1706146499.655185,1614264,4851,1,BI,1,100,760
1706146500.348185,1614957,4971,1,BI,1,100,680
1706146501.228185,1615837,5122,1,BI,1,100,880
1706146502.028185,1616637,5242,1,BI,1,100,800
1706146502.867185,1617476,5395,1,BI,1,100,840
1706146503.587185,1618196,5513,1,BI,1,100,720
1706146504.521185,1619130,5671,1,BI,1,100,920
1706146505.360185,1619969,5809,1,BI,1,100,840
1706146506.161185,1620770,5946,1,BI,1,100,800
1706146506.960185,1621569,6080,1,BI,1,100,800
1706146507.720185,1622329,6198,1,BI,1,100,760
1706146508.614185,1623223,6351,1,BI,1,100,880
1706146510.093185,1624702,6607,1,BI,1,100,1480
1706146510.813185,1625422,6728,1,BI,1,100,720
1706146511.613185,1626222,6862,1,BI,1,100,800
1706146512.307185,1626916,6965,1,BI,1,100,680
1706146513.067185,1627676,7101,1,BI,1,100,760
1706146513.866185,1628475,7236,1,BI,1,100,800
1706146514.546185,1629155,7339,1,BI,1,100,680
1706146515.346184,1629955,7478,1,BI,1,100,800
1706146516.199184,1630808,7617,1,BI,1,100,840
1706146517.039184,1631648,7773,1,BI,1,100,840
1706146517.759184,1632368,7890,1,BI,1,100,720
1706146518.639184,1633248,8024,1,BI,1,100,880
1706146519.399184,1634008,8161,1,BI,1,100,760
1706146520.172184,1634781,8286,1,BI,1,100,760
1706146520.892184,1635501,8404,1,BI,1,100,720
1706146521.572184,1636181,8523,1,BI,1,100,680
1706146522.212184,1636821,8628,1,BI,1,100,640
1706146523.052184,1637661,8762,1,BI,1,100,840
1706146523.905184,1638514,8916,1,BI,1,100,840
1706146524.585184,1639194,9015,1,BI,1,100,680
1706146525.305184,1639914,9156,1,BI,1,100,720
1706146525.985184,1640594,9259,1,BI,1,100,680
1706146526.745184,1641354,9396,1,BI,1,100,760
1706146527.558184,1642167,9532,1,BI,1,100,800
1706146528.198184,1642807,9635,1,BI,1,100,640
1706146528.958184,1643567,9769,1,BI,1,100,760
1706146529.838184,1644447,9906,1,BI,1,100,880
1706146530.678184,1645287,10047,1,BI,1,100,840
1706146531.451184,1646060,10182,1,BI,1,100,760
1706146532.291183,1646900,10318,1,BI,1,100,840
1706146533.131183,1647740,10469,1,BI,1,100,840
1706146533.931183,1648540,10603,1,BI,1,100,800
1706146534.571183,1649180,10706,1,BI,1,100,640
1706146535.464183,1650073,10849,1,BI,1,100,880
1706146536.344183,1650953,10983,1,BI,1,100,880
1706146537.184183,1651793,11138,1,BI,1,100,840
1706146537.944183,1652553,11254,1,BI,1,100,760
1706146538.784183,1653393,11391,1,BI,1,100,840
1706146539.597183,1654206,11529,1,BI,1,100,800
1706146540.317183,1654926,11653,1,BI,1,100,720
1706146541.197183,1655806,11805,1,BI,1,100,880
1706146541.997183,1656606,11943,1,BI,1,100,800
1706146542.717183,1657326,12061,1,BI,1,100,720
1706146543.570183,1658179,12195,1,BI,1,100,840
1706146544.410183,1659019,12351,1,BI,1,100,840
1706146545.250183,1659859,12490,1,BI,1,100,840
1706146545.970183,1660579,12595,1,BI,1,100,720
1706146546.770183,1661379,12736,1,BI,1,100,800
1706146547.623183,1662232,12889,1,BI,1,100,840
1706146548.343183,1662952,13011,1,BI,1,100,720
1706146549.183182,1663792,13145,1,BI,1,100,840
1706146549.983182,1664592,13281,1,BI,1,100,800
1706146550.703182,1665312,13374,1,BI,1,100,720
1706146551.476182,1666085,13494,1,BI,1,100,760
1706146552.276182,1666885,13630,1,BI,1,100,800
1706146552.996182,1667605,13753,1,BI,1,100,720
1706146553.796182,1668405,13890,1,BI,1,100,800
1706146554.596182,1669205,14024,1,BI,1,100,800
1706146555.369182,1669978,14144,1,BI,1,100,760
1706146556.889182,1671498,14405,1,BI,1,100,1520
1706146557.689182,1672298,14544,1,BI,1,100,800
1706146558.448182,1673057,14660,1,BI,1,100,760
1706146559.262182,1673871,14796,1,BI,1,100,800
1706146559.982182,1674591,14915,1,BI,1,100,720
1706146560.742182,1675351,15036,1,BI,1,100,760
1706146561.501182,1676110,15179,1,BI,1,100,760
1706146562.222182,1676831,15298,1,BI,1,100,720
1706146562.915182,1677524,15420,1,BI,1,100,680
1706146563.635182,1678244,15535,1,BI,1,100,720
1706146564.395181,1679004,15654,1,BI,1,100,760
1706146564.994181,1679603,15759,1,BI,1,100,600
1706146565.755182,1680364,15874,1,BI,1,100,760
1706146566.528181,1681137,15955,1,BI,1,100,760
1706146567.168181,1681777,16043,1,BI,1,100,640
1706146567.968181,1682577,16179,1,BI,1,100,800
1706146568.848181,1683457,16331,1,BI,1,100,880
1706146569.568181,1684177,16446,1,BI,1,100,720
1706146570.407181,1685016,16582,1,BI,1,100,840
1706146571.181181,1685790,16704,1,BI,1,100,760
1706146571.980181,1686589,16840,1,BI,1,100,800
1706146572.700181,1687309,16960,1,BI,1,100,720
1706146573.420181,1688029,17078,1,BI,1,100,720
1706146574.180181,1688789,17216,1,BI,1,100,760
1706146574.914181,1689523,17333,1,BI,1,100,720
1706146575.593181,1690202,17455,1,BI,1,100,680
1706146576.194181,1690803,17563,1,BI,1,100,600
1706146577.073181,1691682,17702,1,BI,1,100,880
1706146577.633181,1692242,17804,1,BI,1,100,560
1706146578.407181,1693016,17924,1,BI,1,100,760
1706146579.046181,1693655,18041,1,BI,1,100,640
1706146579.886181,1694495,18176,1,BI,1,100,840
1706146580.526181,1695135,18279,1,BI,1,100,640
1706146581.126180,1695735,18382,1,BI,1,100,600
1706146581.766181,1696375,18493,1,BI,1,100,640
1706146582.500180,1697109,18611,1,BI,1,100,720
1706146583.219180,1697828,18730,1,BI,1,100,720
1706146583.939180,1698548,18852,1,BI,1,100,720
1706146584.659180,1699268,18969,1,BI,1,100,720
1706146585.379180,1699988,19088,1,BI,1,100,720
1706146586.139180,1700748,19202,1,BI,1,100,760
1706146586.832180,1701441,19310,1,BI,1,100,680
1706146587.552180,1702161,19450,1,BI,1,100,720
1706146588.352180,1702961,19569,1,BI,1,100,800
1706146589.072180,1703681,19702,1,BI,1,100,720
1706146589.832180,1704441,19820,1,BI,1,100,760
1706146590.565180,1705174,19940,1,BI,1,100,720
1706146591.365180,1705974,20078,1,BI,1,100,800
1706146592.085180,1706694,20205,1,BI,1,100,720
1706146592.805180,1707414,20320,1,BI,1,100,720
1706146593.525180,1708134,20440,1,BI,1,100,720
1706146594.298180,1708907,20576,1,BI,1,100,760
1706146595.098180,1709707,20711,1,BI,1,100,800
1706146595.858180,1710467,20828,1,BI,1,100,760
1706146596.578180,1711187,20951,1,BI,1,100,720
1706146597.378180,1711987,21088,1,BI,1,100,800
1706146598.191180,1712800,21222,1,BI,1,100,800
